217923,   0
217959,   1
217902,   2
217819,   3
217896,   4
218030,   5
217977,   6
217826,   7
217786,   8
217935,   9
217804,   10
217794,   11
217964,   12
217924,   13
217879,   14
217913,   15
217927,   16
217828,   17
217962,   18
217753,   19
217764,   20
217849,   21
217804,   22
217796,   23
217806,   24
218011,   25
217843,   26
217902,   27
217871,   28
217902,   29
218091,   30
217819,   31
217947,   32
217863,   33
217887,   34
217893,   35
217840,   36
217850,   37
217828,   38
217880,   39
217932,   40
217877,   41
217850,   42
217904,   43
217887,   44
217881,   45
217905,   46
217910,   47
217858,   48
217850,   49
217830,   50
218004,   51
217974,   52
217911,   53
218007,   54
217787,   55
217883,   56
217926,   57
217777,   58
217902,   59
217950,   60
217796,   61
217956,   62
218009,   63
217799,   64
218008,   65
217825,   66
217905,   67
217945,   68
217939,   69
217963,   70
217998,   71
217896,   72
217836,   73
217932,   74
217792,   75
217915,   76
217958,   77
217950,   78
217891,   79
217835,   80
217830,   81
217819,   82
217853,   83
217881,   84
217820,   85
217962,   86
217832,   87
217804,   88
217917,   89
217868,   90
217774,   91
217954,   92
217934,   93
217867,   94
217944,   95
217848,   96
218022,   97
217801,   98
217966,   99
217897,   100
217861,   101
217810,   102
217886,   103
217880,   104
217901,   105
217794,   106
217838,   107
217873,   108
217868,   109
217843,   110
217848,   111
217891,   112
217953,   113
218008,   114
217869,   115
217937,   116
217872,   117
217874,   118
218060,   119
217858,   120
217864,   121
217888,   122
217825,   123
218027,   124
217866,   125
217857,   126
217929,   127
217872,   128
217898,   129
217837,   130
217878,   131
217947,   132
217861,   133
217770,   134
217879,   135
217927,   136
217940,   137
218005,   138
218118,   139
217813,   140
217988,   141
217964,   142
217896,   143
217901,   144
217887,   145
217909,   146
217826,   147
217831,   148
217833,   149
217890,   150
218134,   151
217938,   152
217984,   153
217867,   154
217885,   155
217962,   156
217793,   157
217827,   158
217954,   159
217953,   160
217860,   161
217896,   162
217907,   163
217991,   164
217896,   165
217849,   166
218007,   167
217869,   168
217926,   169
217956,   170
217833,   171
217891,   172
217882,   173
217875,   174
218004,   175
217798,   176
217862,   177
217922,   178
217880,   179
217961,   180
217902,   181
218027,   182
217779,   183
217851,   184
217762,   185
217864,   186
217829,   187
217795,   188
217819,   189
217788,   190
217800,   191
217881,   192
217874,   193
217788,   194
217991,   195
217959,   196
217781,   197
217899,   198
218019,   199
217900,   200
217761,   201
217915,   202
217956,   203
217856,   204
217995,   205
217874,   206
218020,   207
218113,   208
217766,   209
217936,   210
217994,   211
217801,   212
217872,   213
217962,   214
217811,   215
217841,   216
217900,   217
217909,   218
217853,   219
217901,   220
217804,   221
217867,   222
217875,   223
217829,   224
217834,   225
217835,   226
217848,   227
217960,   228
217835,   229
217810,   230
217842,   231
217914,   232
217898,   233
217836,   234
217822,   235
217941,   236
217864,   237
217888,   238
217784,   239
217817,   240
217833,   241
217895,   242
217869,   243
217887,   244
217892,   245
217845,   246
217915,   247
217925,   248
217830,   249
217934,   250
217861,   251
217888,   252
217904,   253
217878,   254
217984,   255
217904,   256
217808,   257
217877,   258
217926,   259
217926,   260
217909,   261
217836,   262
217914,   263
217912,   264
217892,   265
217846,   266
217914,   267
217948,   268
217982,   269
217806,   270
217959,   271
217842,   272
217847,   273
217868,   274
217867,   275
217984,   276
217952,   277
217905,   278
217874,   279
217821,   280
217819,   281
217956,   282
217969,   283
217805,   284
217869,   285
217924,   286
217824,   287
217792,   288
217928,   289
217907,   290
217930,   291
217876,   292
217881,   293
217938,   294
217907,   295
217967,   296
217767,   297
217851,   298
217818,   299
217879,   300
217938,   301
217816,   302
217978,   303
217887,   304
218065,   305
217933,   306
217862,   309
217937,   310
217914,   311
217935,   312
217865,   313
217853,   314
217920,   315
217910,   316
217922,   317
218006,   318
217936,   319
217935,   320
217899,   321
217898,   322
217725,   323
217889,   324
217875,   325
217880,   326
217744,   327
217885,   328
217956,   329
217785,   330
217901,   331
217956,   332
217889,   333
217955,   334
217921,   335
217965,   336
217836,   337
217988,   338
217960,   339
217826,   340
217914,   341
218044,   342
217947,   343
217867,   344
217956,   345
217871,   346
217944,   347
217859,   348
217892,   349
217926,   350
217904,   351
217835,   352
217890,   353
217955,   354
217945,   355
217894,   356
217893,   357
217811,   358
217835,   359
218013,   360
217879,   361
217886,   362
217991,   363
217952,   364
217859,   365
217919,   366
217892,   367
217886,   368
217826,   369
217937,   370
217763,   371
217853,   372
217851,   373
217754,   374
217908,   375
217909,   376
217856,   377
217929,   378
217955,   379
217855,   380
217845,   381
217896,   382
218003,   383
217885,   384
217858,   385
217866,   386
218030,   387
217861,   388
217962,   389
217863,   390
217805,   391
217803,   392
217880,   393
217803,   394
217871,   395
217874,   396
217893,   397
217881,   398
217810,   399
218049,   400
217919,   401
218037,   402
217895,   403
217917,   404
217789,   405
217815,   406
217827,   408
217944,   409
217902,   410
217854,   411
217858,   412
217809,   413
217854,   414
217960,   415
217886,   416
217888,   417
217805,   418
217812,   419
218025,   420
217930,   421
217885,   422
217867,   423
217921,   424
217839,   425
217951,   426
217764,   427
218032,   428
217901,   429
217832,   430
217920,   431
217889,   432
217970,   433
217945,   434
217926,   435
217901,   436
217862,   437
217852,   438
217956,   439
217956,   440
217912,   441
217975,   442
217961,   443
217896,   444
217872,   445
217905,   446
217912,   447
217910,   448
218018,   449
217844,   450
217878,   451
217950,   452
217962,   453
217956,   454
217872,   455
217972,   456
217814,   457
217942,   458
217863,   459
217872,   460
217915,   461
218014,   462
218005,   463
217942,   464
217835,   465
217845,   466
217914,   467
217962,   468
217889,   469
217832,   470
217938,   471
217925,   472
217933,   473
217905,   474
217960,   475
217826,   476
217997,   477
217956,   478
217864,   479
217823,   480
217923,   481
217938,   482
217903,   483
217838,   484
217991,   485
217955,   486
217972,   487
217840,   488
218031,   489
217853,   490
217960,   491
217985,   492
217910,   493
217902,   494
217919,   495
217918,   496
217999,   497
217901,   498
217948,   499
