213853,   0
213873,   1
213796,   2
213839,   3
213855,   4
213784,   5
213887,   6
213835,   7
213834,   8
213805,   9
213796,   10
213835,   11
213813,   12
213881,   13
213847,   14
213837,   15
213817,   16
213832,   17
213912,   18
213812,   19
213806,   20
213850,   21
213753,   22
213818,   23
213804,   24
213837,   25
213822,   26
213862,   27
213829,   28
213829,   29
213820,   30
213880,   31
213851,   32
213843,   33
213921,   34
213849,   35
213820,   36
213842,   37
213836,   38
213820,   39
213796,   40
213737,   41
213779,   42
213835,   43
213821,   44
213785,   45
213752,   46
213683,   47
213860,   48
213798,   49
213791,   50
213863,   51
213788,   52
213813,   53
213762,   54
213880,   55
213833,   56
213773,   57
213863,   58
213901,   59
213868,   60
213903,   61
213835,   62
213768,   63
213859,   64
213839,   65
213843,   66
213825,   67
213856,   68
213884,   69
213852,   70
213804,   71
213822,   72
213848,   73
213868,   74
213771,   75
213795,   76
213796,   77
213846,   78
213800,   79
213806,   80
213792,   81
213874,   82
213822,   83
213852,   84
213938,   85
213866,   86
213819,   87
213824,   88
213863,   89
213771,   90
213747,   91
213830,   92
213875,   93
213868,   94
213774,   95
213831,   96
213822,   97
213819,   98
213763,   99
213871,   100
213803,   101
213782,   102
213815,   103
213763,   104
213814,   105
213879,   106
213810,   107
213752,   108
213787,   109
213781,   110
213819,   111
213838,   112
213822,   113
213854,   114
213795,   115
213877,   116
213805,   117
213843,   118
213804,   119
213864,   120
213818,   121
213872,   122
213835,   123
213810,   124
213815,   125
213841,   126
213793,   127
213744,   128
213843,   129
213809,   130
213777,   131
213871,   132
213879,   133
213846,   134
213831,   135
213823,   136
213902,   137
213843,   138
213787,   139
213851,   140
213884,   141
213801,   142
213807,   143
213842,   144
213788,   145
213816,   146
213743,   147
213778,   148
213789,   149
213834,   150
213841,   151
213862,   152
213803,   153
213821,   154
213843,   155
213809,   156
213814,   157
213881,   158
213870,   159
213857,   160
213814,   161
213792,   162
213803,   163
213800,   164
213820,   165
213811,   166
213805,   167
213860,   168
213822,   169
213772,   170
213809,   171
213798,   172
213840,   173
213725,   174
213822,   175
213844,   176
213769,   177
213801,   178
213776,   179
213782,   180
213871,   181
213818,   182
213846,   183
213839,   184
213824,   185
213829,   186
213868,   187
213806,   188
213811,   189
213887,   190
213872,   191
213855,   192
213839,   193
213724,   194
213863,   195
213742,   196
213830,   197
213884,   198
213819,   199
213798,   200
213809,   201
213807,   202
213865,   203
213774,   204
213806,   205
213818,   206
213751,   207
213833,   208
213876,   209
213779,   210
213797,   211
213841,   212
213849,   213
213745,   214
213826,   215
213889,   216
213736,   217
213788,   218
213820,   219
213836,   220
213799,   221
213747,   222
213764,   223
213877,   224
213833,   225
213799,   226
213815,   227
213866,   228
213778,   229
213835,   230
213762,   231
213815,   232
213833,   233
213810,   234
213812,   235
213811,   236
213823,   237
213741,   238
213788,   239
213770,   240
213879,   241
213780,   242
213824,   243
213862,   244
213770,   245
213797,   246
213804,   247
213867,   248
213794,   249
213803,   250
213853,   251
213735,   252
213800,   253
213764,   254
213804,   255
213859,   256
213805,   257
213836,   258
213816,   259
213818,   260
213797,   261
213794,   262
213759,   263
213818,   264
213788,   265
213834,   266
213838,   267
213833,   268
213790,   269
213794,   270
213894,   271
213783,   272
213856,   273
213821,   274
213850,   275
213799,   276
213778,   277
213815,   278
213799,   279
213775,   280
213810,   281
213810,   282
213816,   283
213835,   284
213814,   285
213797,   286
213839,   287
213737,   288
213785,   289
213778,   290
213857,   291
213776,   292
213809,   293
213849,   294
213754,   295
213791,   296
213795,   297
213808,   298
213776,   299
213862,   300
213826,   301
213849,   302
213758,   303
213798,   304
213815,   305
213782,   306
213751,   307
213807,   308
213824,   309
213802,   310
213793,   311
213831,   312
213746,   313
213853,   314
213827,   315
213837,   316
213789,   317
213836,   318
213823,   319
213857,   320
213835,   321
213820,   322
213813,   323
213845,   324
213799,   325
213657,   326
213777,   327
213782,   328
213752,   329
213839,   330
213808,   331
213789,   332
213758,   333
213813,   334
213784,   335
213771,   336
213850,   337
213751,   338
213762,   339
213745,   340
213882,   341
213794,   342
213832,   343
213812,   344
213700,   345
213743,   346
213771,   347
213767,   348
213775,   349
213826,   350
213790,   351
213810,   352
213743,   353
213800,   354
213760,   355
213784,   356
213799,   357
213736,   358
213795,   359
213800,   360
213809,   361
213774,   362
213779,   363
213798,   364
213848,   365
213821,   366
213784,   367
213737,   368
213741,   369
213808,   370
213843,   371
213786,   372
213767,   373
213739,   374
213766,   375
213848,   376
213751,   377
213656,   378
213770,   379
213764,   380
213775,   381
213820,   382
213816,   383
213830,   384
213803,   385
213764,   386
213796,   387
213761,   388
213794,   389
213768,   390
213819,   391
213787,   392
213780,   393
213798,   394
213750,   395
213818,   396
213806,   397
213825,   398
213854,   399
213775,   400
213834,   401
213834,   402
213754,   403
213812,   404
213784,   405
213791,   406
213748,   407
213764,   408
213713,   409
213695,   410
213773,   411
213814,   412
213747,   413
213798,   414
213759,   415
213779,   416
213781,   417
213751,   418
213845,   419
213727,   420
213830,   421
213736,   422
213819,   423
213811,   424
213837,   425
213804,   426
213808,   427
213830,   428
213721,   429
213799,   430
213774,   431
213759,   432
213767,   433
213811,   434
213766,   435
213811,   436
213767,   437
213793,   439
213762,   440
213798,   441
213798,   442
213778,   443
213822,   444
213716,   445
213823,   446
213800,   447
213767,   448
213744,   449
213830,   450
213802,   451
213819,   452
213783,   453
213710,   454
213838,   455
213806,   456
213803,   457
213800,   458
213795,   459
213743,   460
213788,   461
213811,   462
213834,   463
213788,   464
213740,   465
213825,   466
213787,   467
213793,   468
213788,   469
213825,   470
213742,   471
213729,   472
213818,   473
213802,   474
213810,   475
213751,   476
213770,   477
213764,   478
213777,   479
213787,   480
213751,   481
213789,   482
213737,   483
213811,   484
213800,   485
213738,   486
213771,   487
213748,   488
213757,   489
213758,   490
213786,   491
213846,   492
213681,   493
213722,   494
213753,   495
213788,   496
213656,   497
213699,   498
213755,   499
