213264
213358
213267
213294
213318
213253
213299
213368
213176
213381
213245
213294
213302
213342
213304
213217
213316
213310
213276
213276
213257
213346
213188
213190
213267
213230
213253
213297
213309
213276
213292
213238
213302
213262
213312
213310
213231
213288
213266
213233
213304
213314
213330
213230
213205
213255
213252
213282
213225
213241
213280
213177
213242
213200
213209
213208
213181
213163
213210
213300
213204
213223
213205
213192
213218
213188
213215
213140
213193
213218
213220
213251
213119
213164
213128
213138
213149
213202
213130
213188
213129
213163
213163
213177
213171
213165
213104
213156
213191
213222
213202
213142
213232
213157
213281
213128
213356
213226
213201
213182
213153
213161
213176
213186
213213
213133
213271
213197
213193
213182
213256
213158
213087
213201
213239
213095
213189
213181
213167
213264
213227
213234
213201
213208
213195
213275
213348
213314
213338
213244
213353
213317
213397
213343
213314
213586
216080
221110
222281
222350
222132
222103
221856
222020
222249
222281
222339
222444
222681
222227
222314
222355
222358
222245
222344
222198
222476
222249
222151
222278
221998
221403
218036
214377
213079
213170
213126
213014
213048
213096
213093
213031
213053
213019
213105
213047
213033
213094
213056
212989
213070
213071
213047
213122
213018
212984
212952
212894
213016
213023
212888
212966
212962
213080
212948
212946
213028
212994
213045
212999
213007
213019
212998
212977
212950
213002
213071
213104
213027
213092
213035
212974
212941
213062
213068
213000
212932
212892
213050
213009
212931
212978
213000
212941
212954
212942
213027
212950
212931
213058
212920
212990
212875
212934
212935
212974
212900
212844
212914
212995
212862
212904
212856
212872
212844
212843
212826
212791
212758
212851
212792
212779
212664
212847
212669
212675
212756
212787
212724
212734
212680
212598
212748
212738
212626
212688
212577
212551
212569
212583
212507
212573
212559
212543
212460
212421
212311
212456
212393
212367
212387
212297
212357
212317
212259
212278
212255
212212
212248
212154
212130
212051
211951
211914
211931
211895
211829
211744
211670
211643
211577
211563
211578
211494
211522
211420
211402
211297
211541
211433
211559
211383
211457
211335
211427
211404
211432
211344
211200
211339
