213706
213801
213786
213742
213780
213785
213730
213853
213731
213846
213700
213619
213723
213708
213725
213678
213708
213716
213707
213727
213721
213703
213715
213656
213715
213729
213663
213699
213722
213731
213667
213628
213741
213683
213638
213703
213632
213659
213727
213683
213658
213636
213639
213817
213706
213581
213721
213723
213666
213629
213634
213655
213621
213591
213676
213684
213594
213606
213499
213615
213629
213585
213626
213555
213630
213592
213539
213561
213544
213526
213633
213526
213473
213552
213599
213623
213507
213452
213554
213556
213594
213498
213516
213554
213500
213528
213494
213501
213477
213537
213534
213452
213457
213495
213500
213419
213466
213443
213533
213513
213531
213442
213477
213521
213570
213468
213589
213468
213468
213455
213436
213462
213516
213418
213502
213503
213479
213528
213557
213480
213491
213477
213562
213527
213533
213567
213494
213585
213541
213713
214101
214378
214710
215423
216301
217384
218378
219347
220739
220832
221516
221813
222188
222532
222641
222623
222417
222550
222467
222680
222536
222478
222414
222461
222272
222294
222218
221936
221452
220466
219760
219236
217656
216123
214663
214047
213673
213453
213614
213275
213377
213154
213229
213293
213324
213245
213232
213224
213182
213198
213103
213194
213189
213136
213193
213036
213257
213270
213231
213282
213188
213196
213185
213183
213167
213170
213170
213192
213170
213135
213115
213159
213111
213214
213178
213183
213167
213207
213141
213202
213034
213106
213064
213154
213119
213252
213080
213097
213130
213123
213106
213141
213065
213013
213089
213114
213131
213078
213065
213085
213077
212989
213143
213110
213043
212929
213176
213172
213067
213078
213056
213056
213005
213061
213054
213010
213031
212975
213086
213078
213011
213004
212952
213017
212950
212982
212991
213027
212998
212942
212960
213017
212926
212972
212969
212874
212871
212865
212910
212964
212879
212848
212821
212889
212823
212859
212778
212878
212677
212770
212718
212698
212741
212628
212756
212638
212776
212560
212646
212625
212658
212580
212557
212546
212469
212489
212471
212333
212432
212325
212382
212387
212318
212323
212243
212202
212210
212141
212071
212100
212000
211939
211934
212186
211878
211828
211760
211743
211610
211690
