213699
213608
213625
213666
213764
213658
213624
213639
213635
213640
213615
213605
213687
213625
213632
213653
213678
213665
213746
213604
213678
213601
213712
213699
213610
213575
213617
213567
213655
213544
213705
213648
213647
213737
213564
213563
213593
213490
213545
213553
213607
213557
213526
213602
213530
213566
213574
213628
213466
213520
213650
213563
213764
213599
213381
213460
213551
213555
213533
213489
213481
213459
213435
213445
213513
213518
213429
213535
213466
213545
213569
213398
213512
213434
213518
213426
213506
213444
213473
213435
213426
213386
213313
213545
213364
213505
213568
213488
213462
213467
213440
213449
213441
213481
213515
213417
213395
213378
213518
213405
213473
213432
213379
213494
213424
213427
213488
213442
213510
213514
213502
213470
213496
213431
213423
213470
213458
213480
213528
213586
213517
213557
213520
213617
213592
213878
213962
214117
214890
214629
214961
215468
215833
216441
216665
217525
217380
218521
218906
219380
220009
220251
221118
221370
221812
221828
222067
222396
222433
222369
222100
222332
221715
221667
221291
220799
220113
219569
219188
218807
217941
216777
216624
215727
215730
214998
214225
214252
214123
214243
214070
213816
213531
213440
213311
213389
213354
213540
213336
213349
213273
213369
213287
213354
213357
213418
213334
213308
213295
213397
213379
213458
213308
213362
213371
213382
213291
213294
213187
213422
213363
213299
213334
213374
213386
213433
213396
213452
213374
213449
213283
213349
213422
213412
213371
213368
213417
213322
213369
213269
213363
213430
213334
213362
213320
213432
213374
213385
213429
213411
213291
213406
213406
213338
213290
213394
213354
213367
213331
213331
213373
213327
213313
213357
213286
213329
213295
213388
213112
213267
213235
213269
213232
213301
213309
213248
213261
213265
213270
213160
213306
213219
213347
213248
213177
213168
213232
213164
213175
213232
213151
213110
213146
213030
213031
213105
213045
213047
212971
213121
213121
213064
213073
212938
212922
213015
213015
212910
212950
212956
212826
212900
212900
212869
212849
212811
212727
212661
212731
212687
212657
212642
212591
212526
212630
212499
212473
212390
212403
212395
212339
212248
212308
212119
212140
212022
211972
212037
211900
211923
