213747
213764
213829
213819
213784
213750
213798
213913
213879
213729
213840
213868
213841
213784
213808
213836
213840
213872
213793
213725
213877
213776
213787
213824
213743
213779
213786
213781
213747
213784
213788
213753
213716
213770
213786
213745
213802
213837
213783
213809
213765
213718
213720
213785
213769
213711
213596
213659
213692
213673
213713
213631
213696
213721
213692
213727
213692
213667
213670
213762
213706
213630
213678
213587
213654
213643
213642
213579
213672
213611
213676
213608
213647
213578
213636
213602
213741
213539
213675
213650
213677
213673
213605
213658
213626
213670
213701
213683
213660
213747
213663
213584
213663
213686
213607
213580
213729
213637
213567
213625
213611
213601
213622
213636
213636
213667
213655
213701
213517
213617
213687
213665
213635
213624
213706
213618
213760
213784
213787
213839
213914
214125
214053
214291
214262
214710
214729
214796
215104
215444
216128
216366
216465
216709
216965
216944
217587
217992
218502
219223
219470
219547
219963
220710
220651
221280
221288
221851
221419
221351
221095
221120
220348
220064
219348
219935
219104
218115
217842
216917
216227
216274
215857
215222
215059
214694
214946
214330
214339
214563
214119
213782
213983
214034
213864
213564
213533
213653
213573
213480
213391
213466
213356
213421
213451
213460
213511
213451
213533
213432
213502
213495
213318
213462
213407
213400
213430
213431
213459
213517
213442
213486
213448
213422
213405
213364
213378
213622
213473
213527
213418
213397
213427
213371
213409
213420
213392
213487
213414
213362
213309
213369
213397
213256
213234
213380
213272
213326
213297
213340
213333
213372
213361
213350
213242
213314
213310
213404
213324
213390
213453
213250
213293
213230
213257
213258
213297
213155
213287
213250
213197
213244
213269
213194
213306
213257
213258
213111
213188
213174
213030
213164
213151
213182
213256
213152
213078
213091
213084
213096
213090
213004
213164
212972
212878
212988
213090
212973
213023
212904
212854
212854
212951
212986
212986
212852
212861
212906
212866
212694
212762
212761
212678
212599
212699
212659
212657
212606
212611
212594
212551
212485
212435
212471
212394
212380
212427
212266
212260
212165
212202
212051
212214
212070
211977
212019
211882
211885
211883
211760
