212923
213001
212852
212962
212942
213024
212936
212861
213051
212922
212932
212925
212920
212965
212993
212889
212947
212896
212941
212799
212894
213023
212899
212901
212979
212871
212850
212871
212810
212824
212900
212907
212845
212859
212905
212852
212777
212913
212915
212841
212653
213062
212883
212843
212805
212801
212779
212824
212836
212856
212782
212811
212837
212827
212778
212833
212810
212862
212883
212762
212936
212822
212805
212700
212888
212731
212819
212802
212784
212835
212806
212758
212807
212719
212786
212914
212809
212802
212691
212814
212841
212754
212766
212757
212885
212871
212840
212751
212867
212825
212980
212813
212811
212783
212867
212888
212761
212820
212833
212793
212875
212751
212830
212876
212868
212843
212831
212863
212790
212926
213058
212970
212920
213025
212784
213139
213099
213157
213299
213225
213464
213526
213524
213841
214398
214435
214296
214277
214614
215064
215168
215613
215628
215660
216265
216424
216930
217010
217334
217658
217672
218374
218570
218919
218992
219117
219252
219258
219262
219356
219123
218573
218577
218452
217546
217415
217315
216720
216637
215933
215783
215373
215302
215012
214485
214353
213963
213954
213687
213857
213667
213821
213716
213716
213083
213261
213152
213290
212753
212802
212780
213030
212726
212719
212827
212730
212711
212700
212699
212648
212667
212710
212602
212689
212663
212623
212574
212607
212594
212596
212594
212646
212636
212555
212651
212716
212706
212686
212747
212621
212624
212604
212651
212800
212697
212656
212511
212482
212600
212660
212685
212482
212664
212608
212529
212597
212547
212585
212639
212625
212617
212618
212564
212669
212572
212634
212506
212631
212583
212536
212448
212519
212497
212513
212510
212541
212478
212400
212480
212414
212382
212391
212457
212396
212448
212416
212434
212382
212357
212342
212251
212351
212369
212331
212259
212262
212224
212199
212248
212179
212220
212213
212233
212105
212087
212134
212046
212018
212021
212029
211964
211935
211788
211855
211933
211761
211906
211753
211770
211690
211717
211571
211562
211606
211574
211568
211438
211396
211320
211258
211492
211514
211326
211308
211369
211288
211384
211302
211155
211350
211247
211159
211232
211131
211276
211239
211307
211179
211132
211884
