212796
212752
212855
212774
212806
212890
212802
212835
212800
212817
212735
212842
212739
212773
212862
212829
212815
212752
212710
212741
212747
212869
212721
212851
212757
212755
212730
212711
212774
212705
212807
212729
212773
212721
212795
212754
212786
212752
212718
212797
212705
212715
212683
212659
212700
212666
212787
212713
212626
212524
212639
212674
212671
212661
212656
212684
212678
212698
212628
212691
212712
212696
212662
212481
212610
212777
212710
212616
212551
212625
212679
212756
212587
212616
212705
212641
212665
212565
212573
212695
212718
212577
212633
212709
212572
212665
212673
212715
212674
212629
212647
212694
212565
212654
212618
212729
212634
212720
212683
212810
212579
212781
212673
212709
212649
212633
212738
212749
212767
212964
212899
212951
212966
213083
213003
213137
212991
213023
213101
213348
213227
213394
213620
213670
214188
213954
214140
214228
214429
214555
214825
214898
215549
215465
215479
215644
215687
216311
216547
216686
216867
216712
216971
217767
217398
217540
217566
217431
217431
217287
217681
217302
217431
217248
217346
216684
216536
216789
216206
215881
216005
215924
215536
215257
215068
215200
214965
214554
214377
214159
213754
213828
214113
213719
213483
213334
213205
212858
212880
212907
212979
212918
212886
212982
212881
212824
212517
212709
212543
212563
212631
212543
212597
212515
212513
212548
212506
212533
212504
212553
212470
212477
212543
212572
212545
212594
212528
212433
212560
212454
212508
212412
212546
212505
212463
212613
212519
212528
212470
212507
212534
212368
212598
212575
212568
212526
212497
212464
212433
212521
212391
212519
212458
212533
212495
212414
212439
212509
212544
212480
212398
212534
212434
212431
212494
212364
212438
212303
212345
212323
212368
212442
212398
212390
212343
212277
212242
212278
212355
212336
212263
212246
212285
212248
212332
212176
212240
212243
212239
212311
212187
212206
212273
212129
212167
212137
212163
212220
212173
212098
212115
211990
212124
212016
212042
212061
211954
211926
212017
211987
211905
211964
211850
211850
211785
211861
211767
211702
211816
211708
211715
211688
211611
211561
211590
211484
211546
211439
211422
211659
211510
211632
211500
211550
211561
211574
211544
211482
211474
211400
