213085
213043
212989
213038
213119
213022
213053
213081
213006
213041
212981
213029
213035
212967
212979
213019
212996
213027
213041
213093
213052
212938
212916
212973
213019
212955
212992
212985
213027
212958
212902
212969
213017
212955
212975
212972
213070
213009
212852
212972
212820
212894
212982
212910
212974
212913
212875
212892
212877
212891
212960
212974
212868
212775
212912
212947
213090
212844
212862
212905
212949
212840
212860
212830
212909
212874
212869
212866
212797
212865
212921
212789
212912
212890
212876
212871
212808
212800
212855
212916
212774
212935
212717
212756
212821
212923
212805
212877
212932
212823
212934
212866
212871
212874
212772
212737
212861
212882
212864
212694
212868
212812
212911
212958
212917
212824
212802
212671
213030
212972
213022
212983
213005
213098
213093
213020
213182
213306
213154
213082
213253
213470
213596
213740
213822
213954
214097
214095
214451
214268
214164
214519
214807
215165
214947
215004
215320
215683
215256
215489
215459
215668
216225
216223
216173
216446
216250
216663
216659
216444
216865
216947
216704
216532
216651
216429
216532
216001
216057
216027
215951
215889
215305
215379
215331
215169
214863
214769
214833
214115
214269
214307
214354
214232
213627
213814
213667
213650
213408
213354
213314
213153
213177
213080
213191
213130
213097
213034
212757
212758
212762
212815
212800
212598
212601
212649
212545
212626
212591
212547
212649
212569
212493
212609
212560
212530
212558
212666
212500
212470
212534
212566
212568
212617
212463
212632
212585
212509
212531
212459
212431
212536
212468
212498
212450
212492
212441
212461
212482
212518
212468
212355
212544
212438
212478
212426
212538
212453
212477
212456
212507
212499
212488
212495
212520
212389
212505
212493
212460
212403
212457
212412
212365
212398
212308
212350
212384
212438
212399
212437
212366
212402
212424
212392
212267
212260
212262
212507
212358
212360
212269
212321
212263
212326
212290
212216
212311
212182
212259
212232
212230
212160
212232
212161
211964
212045
212069
212066
212128
212202
212116
212093
212049
212115
212076
211972
212003
212007
211993
211937
211903
211979
211876
211869
211862
211858
211844
211780
211818
211708
211747
211728
211715
211659
211487
211599
211547
211523
211529
211434
