212953
212952
212931
212891
212891
212928
212907
212895
212977
212965
212993
213019
212939
212954
212917
212978
212922
212837
212907
212903
212931
212980
212928
212953
212951
212911
212915
212799
212921
212843
212888
212964
212896
212834
213036
212941
212896
212936
212899
212930
212894
212816
212859
212829
212889
212822
212879
212879
212940
212916
212858
212774
212998
212874
212814
212814
212891
212821
212818
212857
212843
212883
212935
212858
212798
212815
212809
212729
212851
212661
212845
212781
212836
212788
212795
212792
212792
212786
212823
212828
212888
212840
212851
212732
212814
212772
212750
212702
212749
212872
212813
212785
212810
212850
212810
212814
212906
212774
212764
212874
212954
212907
212970
212921
212956
213075
213087
213214
213203
213003
213378
213427
213444
213489
213342
213617
213693
213673
213722
213640
213590
214026
214080
214012
214730
214220
214585
214513
215045
214531
214781
215005
215135
215146
215062
215221
215603
215449
215634
215831
216002
215668
215734
215664
215843
215862
215965
215732
215970
215954
215938
215804
215666
215634
215161
215317
215256
215173
214975
214650
214428
214531
214360
214304
214041
213789
213729
213911
213788
213598
213678
213474
213508
213565
213260
213260
213212
213174
212917
213009
212757
212896
212893
212865
212758
212823
212653
212776
212725
212735
212658
212644
212683
212640
212762
212653
212764
212669
212649
212708
212692
212771
212687
212574
212601
212649
212587
212554
212570
212657
212565
212648
212651
212539
212668
212626
212592
212628
212564
212580
212632
212602
212577
212497
212571
212536
212576
212532
212647
212575
212597
212553
212618
212617
212573
212552
212552
212647
212569
212588
212514
212518
212497
212484
212500
212496
212480
212533
212466
212468
212491
212437
212485
212499
212511
212441
212558
212492
212448
212430
212339
212396
212480
212393
212388
212501
212482
212461
212372
212441
212445
212372
212367
212359
212360
212409
212329
212295
212343
212334
212331
212287
212312
212291
212251
212283
212320
212280
212143
212281
212237
212201
212169
212199
212188
212117
212125
212124
212149
212118
212103
212055
212012
211988
211966
212060
211993
211986
211895
211993
211840
211874
211908
211818
211748
211882
211760
211758
211661
211641
