211909, 0
211943, 1
211963, 2
212027, 3
212082, 4
212101, 5
211980, 6
211959, 7
211897, 8
212007, 9
211977, 10
211906, 11
211926, 12
211883, 13
211877, 14
211894, 15
211948, 16
211890, 17
211843, 18
211863, 19
211950, 20
211873, 21
211906, 22
211887, 23
211945, 24
212015, 25
211939, 26
211909, 27
211953, 28
211985, 29
211864, 30
211890, 31
211861, 32
211912, 33
211924, 34
211959, 35
211944, 36
211903, 37
211909, 38
211890, 39
211865, 40
211881, 41
211936, 42
211939, 43
211845, 44
211981, 45
211901, 46
211715, 47
211859, 48
211927, 49
211783, 50
211761, 51
211884, 52
211869, 53
211857, 54
211915, 55
211891, 56
211926, 57
211854, 58
211805, 59
211757, 60
211855, 61
211850, 62
211897, 63
211854, 64
211911, 65
211925, 66
211907, 67
211875, 68
211821, 69
211861, 70
211859, 71
211844, 72
211880, 73
211853, 74
211771, 75
211852, 76
211755, 77
211883, 78
211886, 79
211832, 80
211853, 81
211825, 82
211841, 83
211986, 84
211860, 85
211889, 86
211887, 87
211840, 88
211978, 89
211928, 90
211966, 91
211887, 92
211875, 93
212127, 94
212083, 95
212300, 96
212146, 97
212349, 98
212392, 99
212531, 100
212592, 101
212771, 102
212986, 103
212932, 104
213261, 105
213304, 106
213568, 107
213356, 108
213635, 109
213613, 110
213659, 111
213748, 112
213664, 113
213498, 114
213747, 115
213659, 116
213590, 117
213350, 118
213213, 119
213231, 120
212990, 121
212812, 122
212682, 123
212757, 124
212684, 125
212214, 126
212061, 127
212088, 128
211878, 129
211992, 130
211837, 131
212020, 132
211766, 133
211925, 134
211837, 135
211872, 136
211832, 137
211876, 138
211817, 139
211713, 140
211876, 141
211872, 142
211811, 143
211757, 144
211789, 145
211928, 146
211953, 147
211795, 148
211816, 149
211772, 150
211810, 151
211782, 152
211800, 153
211837, 154
211858, 155
211778, 156
211819, 157
211745, 158
211695, 159
211783, 160
211823, 161
211757, 162
211742, 163
211911, 164
211629, 165
211744, 166
211775, 167
211757, 168
211803, 169
211761, 170
211754, 171
211749, 172
211753, 173
211788, 174
211783, 175
211684, 176
211704, 177
211742, 178
211785, 179
211818, 180
211749, 181
211789, 182
211668, 183
211845, 184
211776, 185
211771, 186
211717, 187
211787, 188
211763, 189
211800, 190
211687, 191
211712, 192
211737, 193
211758, 194
211795, 195
211818, 196
211698, 197
211775, 198
211754, 199
211827, 200
211781, 201
211648, 202
211712, 203
211744, 204
211708, 205
211759, 206
211765, 207
211750, 208
211783, 209
211740, 210
211713, 211
211663, 212
211745, 213
211821, 214
211712, 215
211705, 216
211732, 217
211660, 218
211739, 219
211788, 220
211750, 221
211701, 222
211737, 223
211692, 224
211637, 225
211705, 226
211712, 227
211674, 228
211657, 229
211692, 230
211719, 231
211725, 232
211688, 233
211795, 234
211596, 235
211629, 236
211726, 237
211683, 238
211713, 239
