217923
217959
217902
217819
217896
218030
217977
217826
217786
217935
217804
217794
217964
217924
217879
217913
217927
217828
217962
217753
217764
217849
217804
217796
217806
218011
217843
217902
217871
217902
218091
217819
217947
217863
217887
217893
217840
217850
217828
217880
217932
217877
217850
217904
217887
217881
217905
217910
217858
217850
217830
218004
217974
217911
218007
217787
217883
217926
217777
217902
217950
217796
217956
218009
217799
218008
217825
217905
217945
217939
217963
217998
217896
217836
217932
217792
217915
217958
217950
217891
217835
217830
217819
217853
217881
217820
217962
217832
217804
217917
217868
217774
217954
217934
217867
217944
217848
218022
217801
217966
217897
217861
217810
217886
217880
217901
217794
217838
217873
217868
217843
217848
217891
217953
218008
217869
217937
217872
217874
218060
217858
217864
217888
217825
218027
217866
217857
217929
217872
217898
217837
217878
217947
217861
217770
217879
217927
217940
218005
218118
217813
217988
217964
217896
217901
217887
217909
217826
217831
217833
217890
218134
217938
217984
217867
217885
217962
217793
217827
217954
217953
217860
217896
217907
217991
217896
217849
218007
217869
217926
217956
217833
217891
217882
217875
218004
217798
217862
217922
217880
217961
217902
218027
217779
217851
217762
217864
217829
217795
217819
217788
217800
217881
217874
217788
217991
217959
217781
217899
218019
217900
217761
217915
217956
217856
217995
217874
218020
218113
217766
217936
217994
217801
217872
217962
217811
217841
217900
217909
217853
217901
217804
217867
217875
217829
217834
217835
217848
217960
217835
217810
217842
217914
217898
217836
217822
217941
217864
217888
217784
217817
217833
217895
217869
217887
217892
217845
217915
217925
217830
217934
217861
217888
217904
217878
217984
217904
217808
217877
217926
217926
217909
217836
217914
217912
217892
217846
217914
217948
217982
217806
217959
217842
217847
217868
217867
217984
217952
217905
217874
217821
217819
217956
217969
217805
217869
217924
217824
217792
217928
217907
217930
217876
217881
217938
217907
217967
217767
217851
217818
217879
217938
217816
217978
217887
218065
217933
217862
217937
217914
217935
217865
217853
217920
217910
217922
218006
217936
217935
217899
217898
217725
217889
217875
217880
217744
217885
217956
217785
217901
217956
217889
217955
217921
217965
217836
217988
217960
217826
217914
218044
217947
217867
217956
217871
217944
217859
217892
217926
217904
217835
217890
217955
217945
217894
217893
217811
217835
218013
217879
217886
217991
217952
217859
217919
217892
217886
217826
217937
217763
217853
217851
217754
217908
217909
217856
217929
217955
217855
217845
217896
218003
217885
217858
217866
218030
217861
217962
217863
217805
217803
217880
217803
217871
217874
217893
217881
217810
218049
217919
218037
217895
217917
217789
217815
217827
217944
217902
217854
217858
217809
217854
217960
217886
217888
217805
217812
218025
217930
217885
217867
217921
217839
217951
217764
218032
217901
217832
217920
217889
217970
217945
217926
217901
217862
217852
217956
217956
217912
217975
217961
217896
217872
217905
217912
217910
218018
217844
217878
217950
217962
217956
217872
217972
217814
217942
217863
217872
217915
218014
218005
217942
217835
217845
217914
217962
217889
217832
217938
217925
217933
217905
217960
217826
217997
217956
217864
217823
217923
217938
217903
217838
217991
217955
217972
217840
218031
217853
217960
217985
217910
217902
217919
217918
217999
217901
217948
