213853
213873
213796
213839
213855
213784
213887
213835
213834
213805
213796
213835
213813
213881
213847
213837
213817
213832
213912
213812
213806
213850
213753
213818
213804
213837
213822
213862
213829
213829
213820
213880
213851
213843
213921
213849
213820
213842
213836
213820
213796
213737
213779
213835
213821
213785
213752
213683
213860
213798
213791
213863
213788
213813
213762
213880
213833
213773
213863
213901
213868
213903
213835
213768
213859
213839
213843
213825
213856
213884
213852
213804
213822
213848
213868
213771
213795
213796
213846
213800
213806
213792
213874
213822
213852
213938
213866
213819
213824
213863
213771
213747
213830
213875
213868
213774
213831
213822
213819
213763
213871
213803
213782
213815
213763
213814
213879
213810
213752
213787
213781
213819
213838
213822
213854
213795
213877
213805
213843
213804
213864
213818
213872
213835
213810
213815
213841
213793
213744
213843
213809
213777
213871
213879
213846
213831
213823
213902
213843
213787
213851
213884
213801
213807
213842
213788
213816
213743
213778
213789
213834
213841
213862
213803
213821
213843
213809
213814
213881
213870
213857
213814
213792
213803
213800
213820
213811
213805
213860
213822
213772
213809
213798
213840
213725
213822
213844
213769
213801
213776
213782
213871
213818
213846
213839
213824
213829
213868
213806
213811
213887
213872
213855
213839
213724
213863
213742
213830
213884
213819
213798
213809
213807
213865
213774
213806
213818
213751
213833
213876
213779
213797
213841
213849
213745
213826
213889
213736
213788
213820
213836
213799
213747
213764
213877
213833
213799
213815
213866
213778
213835
213762
213815
213833
213810
213812
213811
213823
213741
213788
213770
213879
213780
213824
213862
213770
213797
213804
213867
213794
213803
213853
213735
213800
213764
213804
213859
213805
213836
213816
213818
213797
213794
213759
213818
213788
213834
213838
213833
213790
213794
213894
213783
213856
213821
213850
213799
213778
213815
213799
213775
213810
213810
213816
213835
213814
213797
213839
213737
213785
213778
213857
213776
213809
213849
213754
213791
213795
213808
213776
213862
213826
213849
213758
213798
213815
213782
213751
213807
213824
213802
213793
213831
213746
213853
213827
213837
213789
213836
213823
213857
213835
213820
213813
213845
213799
213657
213777
213782
213752
213839
213808
213789
213758
213813
213784
213771
213850
213751
213762
213745
213882
213794
213832
213812
213700
213743
213771
213767
213775
213826
213790
213810
213743
213800
213760
213784
213799
213736
213795
213800
213809
213774
213779
213798
213848
213821
213784
213737
213741
213808
213843
213786
213767
213739
213766
213848
213751
213656
213770
213764
213775
213820
213816
213830
213803
213764
213796
213761
213794
213768
213819
213787
213780
213798
213750
213818
213806
213825
213854
213775
213834
213834
213754
213812
213784
213791
213748
213764
213713
213695
213773
213814
213747
213798
213759
213779
213781
213751
213845
213727
213830
213736
213819
213811
213837
213804
213808
213830
213721
213799
213774
213759
213767
213811
213766
213811
213767
213793
213762
213798
213798
213778
213822
213716
213823
213800
213767
213744
213830
213802
213819
213783
213710
213838
213806
213803
213800
213795
213743
213788
213811
213834
213788
213740
213825
213787
213793
213788
213825
213742
213729
213818
213802
213810
213751
213770
213764
213777
213787
213751
213789
213737
213811
213800
213738
213771
213748
213757
213758
213786
213846
213681
213722
213753
213788
213656
213699
213755
